f19.bmp
1520 1000
49
0 0 222 166 160
222 0 333 166 27
333 0 666 166 18
333 0 444 166 0 Q
444 0 555 166 0 V
555 0 666 166 0 P
666 0 777 166 45
777 0 888 166 120
888 0 999 166 121

0 166 111 332 0 1
111 166 222 332 0 2
222 166 333 332 0 3
333 166 444 332 0 4
444 166 555 332 0 5
555 166 666 332 0 C
666 166 777 332 0 6
777 166 888 332 0 7
888 166 999 332 0 8

0 332 111 498 112
111 332 222 498 113
222 332 333 498 114
333 332 444 498 115
444 332 555 832 13
555 332 666 498 0 9
666 332 777 498 0 0
777 332 888 498 189
888 332 999 498 187

0 498 111 666 116
111 498 222 666 117
222 498 333 666 118
333 498 444 666 119
555 498 666 666 191
666 498 777 666 103
777 498 888 666 104
888 498 999 666 105

0 666 222 832 8
222 666 333 832 0 X
333 666 444 832 0 Z
555 666 666 832 0 M
666 666 777 832 100
888 666 999 832 102

0 832 222 999 32
222 832 333 999 0 B
333 832 444 999 0 N
444 832 555 999 190
555 832 666 999 188
666 832 777 999 97
777 832 888 999 98
888 832 999 999 99
